##FastQC	0.10.1
>>Basic Statistics	pass
#Measure	Value	
Filename	W1_R2_001.fastq	
File type	Conventional base calls	
Encoding	Sanger / Illumina 1.9	
Total Sequences	115482	
Filtered Sequences	0	
Sequence length	35-250	
%GC	40	
>>END_MODULE
>>Per base sequence quality	pass
#Base	Mean	Median	Lower Quartile	Upper Quartile	10th Percentile	90th Percentile
1	26.89943021423252	32.0	18.0	32.0	16.0	33.0
2	27.713929443549645	30.0	29.0	32.0	16.0	33.0
3	29.65473407111065	32.0	29.0	32.0	16.0	33.0
4	29.983166207720682	32.0	30.0	33.0	16.0	33.0
5	29.795621828510072	32.0	30.0	33.0	16.0	33.0
6	32.93955767998476	37.0	33.0	37.0	18.0	37.0
7	32.11053670701928	35.0	32.0	37.0	18.0	37.0
8	32.95365511508287	37.0	33.0	37.0	18.0	37.0
9	33.37188479589893	37.0	33.0	37.0	18.0	37.0
10-14	34.400888450148074	37.4	34.6	37.4	29.4	37.4
15-19	35.257492942623095	38.0	37.0	38.0	27.4	38.0
20-24	35.49058727767098	38.0	37.0	38.4	32.0	38.4
25-29	35.7198056840027	38.0	37.0	39.0	26.8	39.0
30-34	35.75304376439618	38.0	37.0	39.0	28.8	39.0
35-39	35.60623959774141	38.0	37.0	39.0	26.0	39.0
40-44	35.39592454563461	38.0	36.4	39.0	25.2	39.0
45-49	34.74427480911409	38.0	35.6	39.0	17.0	39.0
50-59	34.54166781698598	38.0	35.0	39.0	17.0	39.0
60-69	34.565974847178815	38.0	35.0	39.0	17.0	39.0
70-79	34.62038097220973	38.0	35.1	39.0	17.0	39.0
80-89	34.74332047844617	38.0	35.7	39.0	17.0	39.0
90-99	34.81020845615982	38.0	36.0	39.0	17.0	39.0
100-109	34.68621938993099	38.0	35.3	39.0	17.0	39.0
110-119	34.69545828905281	38.0	35.6	39.0	17.0	39.0
120-129	34.62682736619068	38.0	35.2	39.0	17.0	39.0
130-139	34.55735287254371	38.0	35.0	39.0	17.0	39.0
140-149	34.37915124255072	38.0	34.4	39.0	16.6	39.0
150-159	34.322199317146804	38.0	34.0	39.0	16.1	39.0
160-169	34.24311504934084	38.0	34.0	39.0	16.0	39.0
170-179	34.09393251374123	38.0	34.0	39.0	16.0	39.0
180-189	33.96465123458898	38.0	34.0	39.0	16.0	39.0
190-199	33.821163855239845	38.0	33.5	39.0	15.4	39.0
200-209	33.54992937053775	37.1	33.0	39.0	15.0	39.0
210-219	33.29186935803441	37.0	33.0	38.6	15.0	39.0
220-229	32.986108727436836	37.0	33.0	38.0	15.0	39.0
230-239	32.68852655224849	37.0	32.6	38.0	14.7	39.0
240-249	32.3961573043744	37.0	31.9	38.0	14.0	38.3
250	28.151414417937687	33.0	15.0	37.0	14.0	38.0
>>END_MODULE
>>Per sequence quality scores	pass
#Quality	Count
2	13.0
3	0.0
4	0.0
5	0.0
6	0.0
7	0.0
8	0.0
9	0.0
10	0.0
11	0.0
12	0.0
13	1.0
14	1.0
15	4.0
16	46.0
17	156.0
18	444.0
19	894.0
20	1174.0
21	1379.0
22	1518.0
23	1630.0
24	1792.0
25	1972.0
26	2073.0
27	2359.0
28	2601.0
29	2851.0
30	3297.0
31	3814.0
32	4389.0
33	5300.0
34	6604.0
35	9150.0
36	14365.0
37	28126.0
38	19529.0
>>END_MODULE
>>Per base sequence content	fail
#Base	G	A	T	C
1	47.92108704500775	18.79292277580996	7.315383349643627	25.97060682953866
2	18.58247668205319	21.253323402818072	31.800743056577957	28.36345685855078
3	14.445435571452078	21.6551628575635	37.97382847344309	25.92557309754133
4	10.625362651447574	14.682728697745715	40.59531129567243	34.09659735513428
5	10.962249608119928	39.23737106929133	38.150499268201855	11.649880054386893
6	32.886748824359785	41.209328910789914	14.991036555265916	10.91288570958439
7	27.149278161238083	36.42189678615039	21.479358096112378	14.949466956499148
8	26.195775489525325	33.57611133724203	21.272376135586175	18.95573703764647
9	25.348794914652416	10.557812053451576	21.168452138669252	42.924940893226754
10-14	20.96822523794265	23.98323359516407	32.57047346040929	22.47806770648399
15-19	20.618867401640266	31.70166884618382	27.684313538698696	19.99515021347721
20-24	20.97428747109614	28.897799409365284	29.1583022283037	20.969610891234876
25-29	20.15605920203691	29.59963280187756	29.611757268184537	20.632550727900995
30-34	20.353514796179063	29.35575782244585	29.74928335743793	20.54144402393716
35-39	20.194624443763132	29.984566537967876	29.29343844023301	20.527370578035985
40-44	20.310226059959252	29.573348209954396	29.6468073015565	20.46961842852985
45-49	19.938316872363774	29.71590741636458	29.847837883287475	20.49793782798417
50-59	20.040426623248695	29.442437192493387	29.87977028513007	20.63736589912785
60-69	20.005099456812125	29.62645173529468	29.89839375812563	20.470055049767566
70-79	19.97945023709922	29.680701729881488	30.017494360600327	20.322353672418974
80-89	19.971622385033434	29.598202751052117	30.142457378836777	20.287717485077668
90-99	19.842448550593456	29.69556574574177	30.09603537701443	20.365950326650346
100-109	19.810725885894044	29.818389626699098	30.12317545204165	20.24770903536521
110-119	19.8938597624767	29.733162451563338	30.114283084297938	20.258694701662026
120-129	19.895072194486804	29.72545933670066	30.08720891504436	20.292259553768172
130-139	19.833029312592167	29.828000934351135	30.139510749495823	20.199459003560875
140-149	19.79678435866218	29.794188211702355	30.158096397622288	20.250931032013177
150-159	19.83586984665842	29.904215454990073	30.18256063177882	20.077354066572685
160-169	19.845559706173553	29.897536193559393	30.165586493152986	20.091317607114075
170-179	19.840763465320514	29.920245787980676	30.1075775564397	20.13141319025911
180-189	19.865097076951642	30.062818781195507	30.073194528886443	19.99888961296641
190-199	19.7574861056891	29.896881768305338	30.27602114842571	20.069610977579853
200-209	19.831533695557322	29.87034340854916	30.17742239205618	20.120700503837337
210-219	19.806285298154318	29.935880692123025	30.045899714707385	20.211934295015272
220-229	19.68812109374638	29.923514174501197	30.177539487998484	20.210825243753934
230-239	19.749215716436623	29.845101082847382	30.170188367897747	20.235494832818247
240-249	19.901232978872414	30.220853507573146	30.34237214989571	19.535541363658734
250	26.49459001433972	40.288098031547385	33.217311954112894	0.0
>>END_MODULE
>>Per base GC content	fail
#Base	%GC
1	73.89169387454642
2	46.945933540603974
3	40.371008668993404
4	44.72196000658185
5	22.61212966250682
6	43.79963453394418
7	42.09874511773723
8	45.151512527171796
9	68.27373580787916
10-14	43.44629294442664
15-19	40.614017615117476
20-24	41.94389836233102
25-29	40.788609929937905
30-34	40.89495882011622
35-39	40.72199502179912
40-44	40.7798444884891
45-49	40.43625470034794
50-59	40.67779252237654
60-69	40.47515450657969
70-79	40.30180390951819
80-89	40.2593398701111
90-99	40.2083988772438
100-109	40.05843492125925
110-119	40.152554464138724
120-129	40.18733174825498
130-139	40.03248831615304
140-149	40.04771539067535
150-159	39.91322391323111
160-169	39.936877313287624
170-179	39.972176655579624
180-189	39.86398668991805
190-199	39.82709708326895
200-209	39.95223419939466
210-219	40.01821959316959
220-229	39.89894633750031
230-239	39.98471054925487
240-249	39.436774342531145
250	26.49459001433972
>>END_MODULE
>>Per sequence GC content	warn
#GC Content	Count
0	13.0
1	6.5
2	0.0
3	0.0
4	0.6666666666666666
5	0.3333333333333333
6	0.0
7	0.0
8	0.3333333333333333
9	1.3333333333333333
10	1.3333333333333333
11	1.6666666666666665
12	1.0
13	2.6666666666666665
14	4.0
15	7.166666666666664
16	11.0
17	15.833333333333343
18	26.99999999999997
19	32.999999999999964
20	44.50000000000003
21	73.33333333333339
22	110.49999999999956
23	156.6666666666667
24	202.8333333333346
25	287.50000000000114
26	413.9999999999945
27	577.3333333333293
28	750.3333333333472
29	972.33333333337
30	1258.1666666666601
31	1570.9999999999272
32	1926.666666666521
33	2297.1666666666006
34	2652.1666666667493
35	2938.3333333335354
36	3085.500000000261
37	3181.166666666967
38	3170.5000000002988
39	3193.500000000306
40	3142.8333333336172
41	3029.000000000234
42	2972.00000000021
43	2744.1666666667825
44	2481.8333333333408
45	2220.9999999999036
46	1995.8333333331793
47	1764.4999999998938
48	1526.4999999999447
49	1356.1666666666454
50	1213.5000000000039
51	1096.3333333333578
52	979.5000000000335
53	862.000000000023
54	794.0000000000164
55	747.6666666666794
56	660.000000000004
57	563.499999999996
58	486.8333333333252
59	406.33333333332905
60	330.66666666666566
61	272.6666666666679
62	237.16666666666836
63	184.00000000000057
64	133.83333333333294
65	115.49999999999964
66	90.66666666666653
67	75.5
68	54.833333333333414
69	37.50000000000001
70	32.66666666666664
71	25.999999999999982
72	20.99999999999999
73	13.833333333333337
74	11.16666666666667
75	8.499999999999998
76	8.166666666666664
77	7.333333333333331
78	4.666666666666666
79	4.333333333333333
80	2.6666666666666665
81	1.0
82	1.6666666666666665
83	2.333333333333333
84	1.3333333333333333
85	1.6666666666666665
86	1.9999999999999998
87	1.3333333333333333
88	1.3333333333333333
89	1.6666666666666665
90	1.6666666666666665
91	0.6666666666666666
92	0.0
93	0.0
94	0.0
95	0.0
96	0.0
97	0.0
98	0.0
99	0.3333333333333333
100	0.5
>>END_MODULE
>>Per base N content	pass
#Base	N-Count
1	0.011257165618884329
2	0.011257165618884329
3	0.011257165618884329
4	0.011257165618884329
5	0.011257165618884329
6	0.011257165618884329
7	0.011257165618884329
8	0.011257165618884329
9	0.011257165618884329
10-14	0.011257165618884329
15-19	0.011257165618884329
20-24	0.011257165618884329
25-29	0.011257165618884329
30-34	0.011257165618884329
35-39	0.002251745102454402
40-44	0.0
45-49	0.0
50-59	0.0
60-69	0.0
70-79	0.0
80-89	0.0
90-99	0.0
100-109	0.0
110-119	0.0
120-129	0.0
130-139	0.0
140-149	0.0
150-159	0.0
160-169	0.0
170-179	0.0
180-189	0.0
190-199	0.0
200-209	0.0
210-219	0.0
220-229	0.0
230-239	0.0
240-249	0.0
250	0.0
>>END_MODULE
>>Sequence Length Distribution	warn
#Length	Count
35-39	28.0
40-44	53.0
45-49	90.0
50-54	87.0
55-59	168.0
60-64	139.0
65-69	215.0
70-74	160.0
75-79	204.0
80-84	177.0
85-89	208.0
90-94	177.0
95-99	205.0
100-104	197.0
105-109	213.0
110-114	199.0
115-119	209.0
120-124	158.0
125-129	232.0
130-134	219.0
135-139	234.0
140-144	221.0
145-149	262.0
150-154	230.0
155-159	205.0
160-164	214.0
165-169	208.0
170-174	268.0
175-179	233.0
180-184	211.0
185-189	246.0
190-194	259.0
195-199	243.0
200-204	289.0
205-209	240.0
210-214	263.0
215-219	248.0
220-224	284.0
225-229	251.0
230-234	311.0
235-239	287.0
240-244	301.0
245-249	29926.0
250-251	76710.0
>>END_MODULE
>>Sequence Duplication Levels	pass
#Total Duplicate Percentage	2.400374084272874
#Duplication Level	Relative count
1	100.0
2	0.8260136633839056
3	0.13929553721941265
4	0.04524886877828054
5	0.015082956259426848
6	0.009759559932570314
7	0.0017744654422855114
8	8.872327211427557E-4
9	0.0017744654422855114
10++	0.003548930884571023
>>END_MODULE
>>Overrepresented sequences	pass
>>END_MODULE
>>Kmer Content	warn
#Sequence	Count	Obs/Exp Overall	Obs/Exp Max	Max Obs/Exp Position
GGAGG	27795	2.055835	5.5550456	5
CCTCC	28385	2.0247128	5.9524817	1
CTCTC	40195	1.9523339	5.964098	9
GAGAG	38430	1.9335247	7.737391	7
GGTGG	25440	1.8696022	5.782312	8
AGAGA	53545	1.8325508	5.34483	6
CTTCT	53045	1.7544223	5.5200524	1
CCCAA	35260	1.7347764	6.7450395	2
AGAAG	50055	1.7131073	6.4872365	5
TTGGG	34180	1.6977444	6.2767034	4
GAGGA	33670	1.6940353	5.878018	6
GGGAG	22630	1.6738099	7.230377	7
TGGAG	33110	1.6551944	6.4959373	5
CTCCA	33855	1.6549865	5.7694225	1
CCAAG	32910	1.6312798	5.790982	3
GGCGG	15075	1.6269784	5.017814	7
CCTTG	33195	1.6244044	8.342247	2
CTTGG	32800	1.6170919	5.4659963	3
GGAGA	31985	1.609258	5.1582603	8
TGGGG	21510	1.5807841	6.5708094	5
CAAGG	31500	1.573079	9.584983	4
TTGGA	46250	1.5626788	5.2363276	4
CTTTG	46565	1.5516317	6.475035	9
CCCCA	21250	1.5255378	5.905255	1
AGAGG	30130	1.5159277	8.457149	5
GCTGC	20820	1.5074192	7.422962	8
CCTCT	30960	1.5037757	6.832657	1
AGGAG	29840	1.5013369	6.9576535	5
CAAAG	43965	1.4934984	5.7505784	4
CAAGA	43120	1.4647937	6.398531	4
AAGAG	42555	1.4564235	5.0184283	5
GCCTC	20265	1.4563324	5.2259984	7
AAACC	42405	1.4298004	5.587257	5
GGTTT	42565	1.4289632	6.7236204	1
CCCCT	20025	1.4283909	6.6327653	1
AACCC	29000	1.4267871	6.686388	5
GGGTT	28640	1.4225687	6.9872737	7
TCAAG	41790	1.4105241	7.2830324	3
AGGGG	19070	1.4104973	6.7895	5
TTGAG	41525	1.4030322	5.0349307	4
CTGCA	28455	1.4014242	5.9887567	9
CCCTT	28850	1.4012896	7.295887	1
CTTGA	41685	1.3979717	5.837097	3
CTCAA	41505	1.3904942	5.2719126	2
CCTCA	28220	1.3795222	7.342901	1
TGAGG	27400	1.369747	5.065639	5
GGCCC	12755	1.3562075	5.3237844	6
GGGCC	12605	1.3502928	5.363643	6
GCTGG	18485	1.3483796	5.0436645	8
CCATG	27300	1.3445399	5.7539043	9
AAGGG	26565	1.3365622	7.377512	5
TGGGC	18285	1.3337908	7.6524568	5
AGGGA	26440	1.330273	5.27822	6
GCTCC	18435	1.3248205	6.1683908	1
GCCCA	18125	1.3109361	10.174451	1
CCTTT	39375	1.3022976	5.125763	1
TTCTG	38995	1.2993853	5.1641383	2
CAGAA	37780	1.2833931	5.912567	4
GGGTG	17445	1.2820444	7.9725814	7
GCTTT	38400	1.2795589	6.4353113	1
CTGGG	17530	1.2787175	7.6524563	4
GGCTG	17430	1.2714231	7.9133353	7
GGGCT	17275	1.2601167	7.739416	6
CTGCT	25600	1.2527415	6.7671366	9
AGCAG	25070	1.2519711	6.191542	7
AGGCC	17150	1.2497034	6.254619	5
GGCTT	25255	1.2451115	5.5835443	7
GGCCT	17185	1.2442361	5.3514376	6
GAGCA	24875	1.242233	5.834337	6
AAGGC	24630	1.229998	6.965484	5
CTCTG	24950	1.2209336	6.9421487	2
GCCTT	24855	1.2162848	7.3505116	1
AAAGC	35725	1.2135844	5.386106	5
GAGCT	24400	1.2107103	7.334958	6
CAGAG	24230	1.2100224	8.334768	4
TCTGG	24400	1.2029586	7.8169622	3
ACCCT	24570	1.2010936	8.391888	6
GGGGT	16250	1.194223	6.132755	6
ACCTC	24395	1.1925387	5.0700984	7
GAGGT	23675	1.1835314	6.7939153	6
CCCAG	16335	1.1814697	8.967312	2
CCAGA	23685	1.1740159	7.918281	3
CCTGC	16335	1.1739054	5.4830146	8
GCTCA	23750	1.1697004	7.5153027	1
AAGCT	34630	1.168855	5.311383	6
GCCCT	16225	1.1660002	7.453473	1
GCTCT	23820	1.1656368	7.700535	1
CCCTA	23835	1.1651633	9.032934	1
GGGCA	15810	1.1606843	7.3516874	1
AGGGC	15775	1.1581148	6.826566	5
ACCCC	16110	1.1565372	5.3917546	6
AGGGT	23060	1.1527871	8.879766	6
TAGGG	22855	1.142539	8.99896	5
TGAGC	22920	1.1372739	6.0335946	5
GTGTG	22860	1.1354722	7.046489	9
AGGCT	22875	1.1350409	6.625123	6
CTGGA	22725	1.1275979	6.5659695	4
GATCA	33160	1.1192386	5.1504316	1
TCCAG	22645	1.1152786	5.1667705	2
GAACA	32790	1.1138818	5.062129	6
AGAGC	22275	1.1123916	7.918029	5
GAGCC	15080	1.0988647	5.646531	6
CCCTG	15195	1.0919797	7.0251117	2
CAGGG	14750	1.0828649	8.752008	4
AGCTG	21815	1.0824445	6.625123	7
AGCCT	21910	1.0790795	5.930044	6
GGAGT	21365	1.0680528	5.9595747	6
AACCT	31615	1.059161	5.4716063	6
TCTGA	31475	1.0555634	5.7571373	3
AGGTG	21010	1.050306	6.8535113	7
CCTGG	14490	1.0491116	6.6461406	3
GTTCA	31165	1.0451672	7.116462	1
TGAAC	30940	1.0443078	6.236851	5
GACCC	14390	1.0407928	5.863243	6
TGGAC	20695	1.0268711	6.9800406	5
AGAAC	30070	1.0214831	6.520023	5
GTGCA	20585	1.021413	6.5068173	1
GTTCT	30620	1.0203149	6.2366905	1
GTCCA	20665	1.0177625	6.810744	1
TCAGA	30150	1.017643	5.753998	3
CTAGG	20245	1.0045422	6.743429	4
GGTCA	20235	1.004046	8.044791	1
TGCAC	20385	1.0039724	5.3429112	5
CCAGG	13775	1.0037706	5.385922	3
CTCTA	29895	0.9951253	5.8334036	2
CCTAG	20150	0.9923985	7.221737	2
GAGTG	19785	0.9890673	5.304022	7
CTGAG	19840	0.9844464	6.092747	4
TGACC	19970	0.9835334	6.810744	5
CTCAG	19935	0.98180956	7.6914425	2
GAACT	28905	0.9756209	6.1161375	6
GGTGT	19475	0.9673368	5.6845617	8
CAGGA	19370	0.9673188	7.203621	4
TAGAG	28430	0.9667728	7.0132475	4
CTGTG	19475	0.9601483	6.876576	9
TCAGG	19095	0.9474801	7.9264865	3
GGACC	12900	0.9400102	5.4727917	6
AGACC	18935	0.93856835	5.6137066	5
AACTG	27505	0.9283672	6.1966133	7
CCTAA	27610	0.92498606	5.2719126	2
AAGAC	27100	0.92059165	5.2646146	5
TCTAG	27125	0.90967935	5.5172563	3
GGTCT	18320	0.903205	6.641479	1
ACTGC	18335	0.9030087	7.045596	8
CTAGA	26700	0.9011963	6.397802	3
TTAGG	26600	0.89875144	5.9613576	4
GGACT	18075	0.8968684	7.098346	6
ACTGA	26435	0.89225185	5.0699563	8
GGCTA	17770	0.8817345	6.388511	1
GACCT	17865	0.879861	6.3410373	6
AGGAC	17615	0.87967575	5.9534054	5
ACCTG	17830	0.87813723	5.930044	7
GTCCT	17640	0.8632172	5.1336904	1
CAGAC	17055	0.84538066	5.3773403	4
GACTG	16465	0.8169814	6.270206	7
TACCC	16525	0.8078172	6.1190844	5
GCCTA	16195	0.7976126	5.930044	1
TAGGC	16010	0.7944047	5.264607	5
GTCAG	15780	0.7829922	5.264607	2
GGATA	21755	0.7397869	5.432226	1
ACTGT	21145	0.7091307	5.2773757	8
TACAC	20650	0.6918132	5.2719126	5
GTGTA	19470	0.65784556	5.6391225	1
>>END_MODULE
